0.356130
0.041847
0.037914
0.000252
0.041760
0.000038
0.039428
0.049283
0.040378
0.040625
0.038667
0.041570
0.042116
0.000024
0.000023
0.035431
0.034731
0.000019
0.039395
0.039397
0.033332
0.000006
0.000021
0.040061
0.040642
0.041503
0.042405
0.044773
0.043722
0.042177
0.039435
0.000002
0.041524
0.000003
0.043190
0.042268
0.046637
0.036221
0.037934
0.043244
0.045478
0.043954
0.042528
0.033372
0.041673
0.041491
0.040659
0.038737
0.038264
0.070498
0.041422
0.041158
0.042749
0.040642
0.040847
0.043775
0.038479
0.039475
0.036165
0.035924
0.034018
0.041153
0.039881
0.034965
0.040629
0.035848
0.036020
0.035459
0.039569
0.035729
0.039574
0.041675
0.040466
0.041561
0.038945
0.035805
0.035314
0.036099
0.040633
0.037805
0.042990
0.044603
0.040190
0.040747
0.042427
0.038325
0.035994
0.037376
0.042145
0.038209
0.037758
0.038059
0.038643
0.038163
0.041628
0.043563
0.034845
0.053551
0.044353
0.040588
