0.167993
0.056373
0.389554
0.699051
0.528593
0.436642
0.436973
0.099873
0.405573
0.511731
0.120059
0.138152
0.111699
0.060855
0.316021
0.078545
0.069399
0.041499
0.120420
0.107369
0.061024
0.922123
0.181304
1.071199
0.666800
0.542875
0.344320
0.863641
0.396352
0.212937
0.200313
0.178860
0.556722
0.074672
0.406700
0.272746
0.887044
0.041005
0.435567
0.118185
0.502338
0.477231
0.440721
0.086878
0.228086
0.156005
0.550764
0.258095
0.049952
0.083884
0.338355
0.373443
0.518100
0.217773
0.712851
0.700493
0.078614
0.410811
0.063344
0.092919
0.258206
0.294985
0.110570
0.053242
0.252515
0.106323
0.054540
0.270078
0.226075
0.697579
0.654137
0.300002
1.187684
0.655827
0.058303
0.058231
0.064957
0.051953
0.078168
0.608509
0.455003
0.808825
0.687186
0.624694
0.711144
0.060752
0.065819
0.095165
0.070168
0.113245
0.096253
0.091971
0.081132
0.062661
0.059624
0.713291
0.093266
0.121163
0.236760
0.219206
